Layer 1:
[[nan nan]]
Weights 0-1:
[[ 0.258584, -0.770864],
 [ 0.320592,  0.253271],
 [ 0.718206, -0.475193],
 [ 0.51767 ,  0.043095]],
Layer 0:
[[nan nan nan nan]]

Input: [[0, 0, 0, 1]] Goal: [[0, 0]] Prediction: [[0.51767  0.043095]]
Input: [[0, 0, 1, 1]] Goal: [[0, 0]] Prediction: [[ 1.235876 -0.432098]]
Input: [[0, 1, 0, 1]] Goal: [[0, 0]] Prediction: [[0.838262 0.296366]]
Input: [[0, 1, 1, 1]] Goal: [[1, 0]] Prediction: [[ 1.556468 -0.178827]]
Input: [[1, 0, 0, 1]] Goal: [[0, 0]] Prediction: [[ 0.776254 -0.727769]]
Input: [[1, 0, 1, 1]] Goal: [[1, 0]] Prediction: [[ 1.49446  -1.202962]]
Input: [[1, 1, 0, 1]] Goal: [[1, 0]] Prediction: [[ 1.096846 -0.474498]]
Input: [[1, 1, 1, 1]] Goal: [[1, 1]] Prediction: [[ 1.815052 -0.949691]]
Error:[[2.64756189 3.79558128]]
Error:[[0.65426983 0.70139259]]
Error:[[0.6537841  0.70310689]]
Error:[[0.6537801  0.70312286]]
Error:[[0.65378006 0.703123  ]]
Error:[[0.65378006 0.703123  ]]
Error:[[0.65378006 0.703123  ]]
Error:[[0.65378006 0.703123  ]]
Error:[[0.65378006 0.703123  ]]
Error:[[0.65378006 0.703123  ]]
Error:[[0.65378006 0.703123  ]]
Input: [[0, 0, 0, 1]] Goal: [[0, 0]] Prediction: [[-0.2188405  -0.32552262]]
Input: [[0, 0, 1, 1]] Goal: [[0, 0]] Prediction: [[ 0.2780475  -0.03876573]]
Input: [[0, 1, 0, 1]] Goal: [[0, 0]] Prediction: [[ 0.25922806 -0.00853036]]
Input: [[0, 1, 1, 1]] Goal: [[1, 0]] Prediction: [[0.75611605 0.27822653]]
Input: [[1, 0, 0, 1]] Goal: [[0, 0]] Prediction: [[0.23266284 0.04170397]]
Input: [[1, 0, 1, 1]] Goal: [[1, 0]] Prediction: [[0.72955084 0.32846085]]
Input: [[1, 1, 0, 1]] Goal: [[1, 0]] Prediction: [[0.7107314  0.35869622]]
Input: [[1, 1, 1, 1]] Goal: [[1, 1]] Prediction: [[1.2076194  0.64545311]]
Layer 1:
[[1.2076194  0.64545311]]
Weights 0-1:
[[ 0.45150334,  0.36722658],
 [ 0.47806856,  0.31699226],
 [ 0.496888  ,  0.28675688],
 [-0.2188405 , -0.32552262]],
Layer 0:
[[1 1 1 1]]

